562916
423680
703806
466076
100174508
29974
477581
100071844
613704
69865
170912
446993
427460
464558
23287
484146
100061665
534958
67269
290986
333997
100306790
595079
423041
703186
451685
272
476851
519803
11717
25095
2766554
286748
407949
424930
693396
698037
93010
486158
538799
227327
316583
100189988
471183
389206
482119
100063015
614525
666938
100136656
374169
721452
464893
774
480660
282410
100008979
12287
257648
100136791
427909
696294
458799
10369
481279
286800
12300
84347
692273
457426
57863
610435
100053379
531178
94332
360882
114410
395198
712373
457150
100172607
845
445005
483134
397436
528555
12373
29209
563847
769254
745662
140689
611731
539114
228942
499947
560952
594978
769832
737930
83643
607593
74186
498795
771087
743480
339834
100062976
520504
434438
680018
30291
100151712
414745
100137395
468509
100172774
1000
480169
100065078
100286861
281062
100170321
100328895
12558
83501
7500665
3732590
4839645
5728659
2538959
852317
8347522
398179
422611
461202
100172760
1040
487840
100052434
733582
74596
81925
3647729
3647738
6359222
8692413
5889636
7202773
493350
548837
768659
703318
468605
1149
490559
527051
12683
291541
427177
461782
100172317
100174414
202333
479170
100073263
533581
76469
309976
395317
700826
451500
53942
485109
100061138
538198
244682
114589
337172
550020
769143
709434
450672
1369
477795
536753
93721
365466
415851
27132
608773
100052136
515424
102278
361433
720247
735722
9244
484818
511086
12931
290655
426049
716440
467413
1511
608543
505658
509956
13035
290257
3232160
7411278
4683281
5389503
463213
54905
545817
288517
662962
35190
406651
100301599
420947
693677
463409
750094
1644
606852
396857
280762
13195
24311
100135516
2881095
4240420
2884754
1490685
7699134
892575
3430411
6238342
4650497
4848594
5850980
6298733
6935470
5986689
6003116
7278089
8539575
419638
711238
58512
475342
100069732
516070
242667
286923
779445
415919
460402
1795
476610
100061408
208869
315992
422875
750536
285489
488794
524590
231134
305448
462106
641700
478026
511765
68545
100034630
100101687
427326
693315
471489
100173296
10085
488919
538062
13612
100000859
424877
701193
460996
100174685
1962
488110
100067714
448846
518852
74147
171142
100135519
504088
428771
699615
461437
100173346
2028
478517
397080
504350
13809
64017
393575
380218
548690
420361
705287
464353
100173553
5168
482026
503658
532663
18606
84050
171478
548540
419557
456699
2170
478156
100033895
399532
281758
14077
79131
428683
736046
283985
609709
523867
328035
303671
337315
594921
373926
698487
449598
461558
100173861
2244
475472
510522
110135
24366
336252
414890
100074093
696767
462240
2561
489146
100059608
540657
14401
25451
100025749
550031
424319
459667
114805
478753
532545
271786
311039
30608
100301592
380030
427955
711260
460599
100174106
2596
478572
493873
281777
14432
29423
5717605
100038173
422217
695687
465687
54857
480951
100055691
514673
71584
302421
769706
465784
441509
492035
14657
140555
367912
445297
493416
431611
472961
9630
484156
100048958
281789
14675
309242
417968
699191
473375
2984
486671
397193
282244
14917
25711
100135536
321224
423698
450504
80201
489019
100072686
216019
450019
100196265
446393
100151711
430280
740755
27129
487423
29818
50565
769256
400935
607159
100101732
450709
9118
486869
532236
226180
24503
1135848
1135851
2855988
2858144
3025159
3025973
7388639
7374036
7375523
393570
594908
419863
712958
457701
100174467
3664
480015
397521
614253
443083
54139
364081
422208
697385
465698
26548
480954
613129
539945
26549
317258
553333
770867
694158
469948
57158
610874
100055888
614651
59091
296345
770954
708705
457734
3776
490295
100050114
282590
16526
170899
30627
415567
695229
453544
9493
478355
100064697
515748
71819
315740
559083
428388
340359
609348
516476
268807
314996
445565
772259
698587
735560
26468
491354
541261
16874
311901
431646
473211
158038
481570
100053549
539968
242384
396380
416212
417328
418421
418892
420301
427654
429153
777366
777408
7790035
5723785
2539392
852187
780043
424001
459909
4133
488504
100049852
281294
25595
6171694
3342601
1061457
1213421
4287189
3647819
3647837
2549822
3233405
3560066
1237459
3094065
4914789
7443230
3893352
6062456
3837648
5799398
5387271
5351619
5357314
7183616
7101178
7077256
7187455
4943422
5187830
5392962
5808584
6401363
6799935
6405731
7785548
7688752
7853113
8190234
8465989
8469635
772290
100173327
256714
491766
616041
317508
100037598
778489
326281
399102
396217
455522
100174122
4155
476160
414286
618684
17196
24547
3335592
779236
404773
389125
607080
616088
66175
290553
100196209
395350
745215
4625
403807
791234
396860
282714
140781
29557
402814
420494
707165
450359
53904
487106
535824
667663
100194684
100216300
396034
716555
472687
100172777
9172
100065193
524077
17930
306616
423684
84665
489013
527123
68802
309760
420409
463390
23148
531208
192950
289786
493291
706820
470406
100173062
9027
68396
64570
114441
100151722
427968
473925
4685
487705
100067189
535613
17968
288280
559024
395493
720340
468775
1463
484808
523701
13004
58982
2542523
6483291
6796545
6489491
573301
100145334
424552
456967
91624
490202
100066410
504819
68810
246172
568315
780197
420815
698089
455485
4772
483925
100065378
397318
511224
18018
428006
574392
100173414
57502
607406
100050709
395908
698943
452317
8638
477518
100009702
595119
408021
304545
422112
347741
483304
525463
69602
287821
619246
419903
718624
462626
100172814
29993
608087
520488
23969
29704
393787
496425
395729
747249
5092
609680
530736
13180
29700
779938
408048
461488
57575
531875
18526
361943
771220
474001
5121
610723
768324
18546
25510
559332
395092
5158
399653
281974
18587
289878
5721904
732844
334273
396291
714391
460746
100172496
5357
485697
616560
102502
315926
4839590
7198492
337176
100127174
395429
695528
452543
10631
477298
281960
50706
361945
420763
712105
472351
11281
483249
517861
218030
364733
553319
380124
779860
424208
702782
470648
53632
488526
100034099
397149
511961
100142674
241113
301518
100191115
692791
252458
100073330
374144
711642
739126
100171600
5805
611326
506860
19286
29498
100190535
1089917
2734138
2744255
2744783
2744891
2745118
7277524
8420501
8420519
8420602
8420630
8420761
8421366
8421368
8421434
8421661
8421666
8421678
8421687
8421712
8421735
8421736
8421793
8421917
8422096
8422109
8422112
8422324
8422398
8422405
8422503
8422736
8422740
8422748
8422760
8422763
8422764
8422769
8422842
8422976
8422981
8423014
8423061
8423244
8423289
8423429
8423434
8431453
8431472
8431551
8431599
8431600
8431604
8431609
8431692
8432195
8432332
8432334
8432634
8432643
8432646
8432650
8432659
8432680
8432702
8432703
8432737
8432863
8432957
8433051
8433054
8433291
8433299
8433329
8433378
8433434
8433545
8433665
8433669
8433675
8433676
8433681
8433685
8433689
8433690
8433694
8433700
8433701
8433703
8433705
8433706
8433709
8433710
8433715
8433787
8433915
8433921
8433923
8433966
8433996
8434081
8434175
8434219
496550
595049
396459
396531
470201
5816
481278
100069554
538603
19293
25269
100135608
100038174
374204
472181
9444
606754
493723
492277
493722
436814
395620
707747
469729
6000
100054733
281452
24012
54296
734543
420926
697006
461723
83853
478616
515565
252967
685646
100194589
416542
746600
6123
490065
618440
66211
287122
403306
417001
694382
458663
65078
100051312
65079
113912
395847
716141
469481
9869
100157920
84505
689883
416906
714925
458722
23544
486329
520525
56747
417678
455245
284111
606984
100060798
507000
237831
266998
563467
427877
695508
452161
246213
482623
529659
216227
266767
430411
461405
100171966
64116
478494
508193
67547
295455
418922
712410
452516
100174532
6541
486022
503545
539465
11987
25648
427667
699102
453812
6755
403454
396642
510344
20609
25354
417938
737711
346673
610269
785714
20899
500079
32290
566397
422998
466682
100173218
91683
483703
100052905
536820
171180
191595
428270
708175
148281
483127
537637
54524
60565
705095
445347
100192304
781378
5858633
5859534
7881821
7883184
556143
373895
708338
473683
50945
100072559
245572
302369
100161377
558148
100195288
444386
100126209
421697
707680
463151
6943
483993
510873
21412
252856
100303487
414803
736549
7066
607489
100302539
538672
21832
81811
427825
750419
727910
611258
506954
380712
497955
395216
700005
80757
69195
691678
424560
747477
128218
610813
509101
230678
313545
379085
394554
396434
717270
741787
7125
485899
414905
615428
100009341
21925
296369
424419
456448
163590
610310
100050862
782450
240832
304881
100038108
416694
418166
702583
470654
7277
478918
100059249
504244
777775
100302357
22145
316531
42310
217843
496675
429286
708624
471009
8975
478640
100141289
72607
310306
3127112
704876
460808
79674
485731
537834
72789
361954
791595
493495
549489
395562
696845
451431
7481
485183
613288
22411
140584
100313541
369189
100136720
399211
549701
100048899
705829
739504
326340
574050
540150
100272222
317755
353228
446008

